Sequence_ID	Param_3	Param4
0	522	0.8609621269365831
1	714	0.9333276769474361
2	17	0.6058262270929339
3	511	0.30744369102018865
4	268	0.6246923748492385
5	896	0.6679813698291515
6	86	0.1890724466436825
7	349	0.36923818790191465
8	380	0.06512566671931919
9	223	0.34406004047956074
10	967	0.46432573182608927
11	447	0.2835834584387006
12	339	0.02087356676992813
13	300	0.885634744427233
14	332	0.6501200071465787
15	943	0.8841047746658848
16	904	0.0652683573440459
17	880	0.710704660185298
18	911	0.023369446788755188
19	828	0.312793256436959
20	824	0.8719156781603705
21	36	0.8729653091605287
22	355	0.3961464652592639
23	391	0.376534019135896
24	887	0.5248793688951572
25	529	0.0543488836348931
26	234	0.06528342327033765
27	468	0.13607045338711365
28	498	0.6159527185896231
29	185	0.8638288673523599
30	810	0.44092895899201656
31	407	0.7723801359617427
32	582	0.14635595297961967
33	854	0.5772909940029269
34	643	0.31912474420948633
35	311	0.8859159968844376
36	680	0.5898536567882268
37	977	0.16621461217252986
38	591	0.6778411171515765
39	734	0.6173385508357674
40	988	0.661391495164956
41	960	0.9973678680277626
42	481	0.2930359589377004
43	423	0.9429630226727639
44	486	0.3092954057005415
45	380	0.1064787903154355
46	271	0.20221143119134666
47	104	0.523765136745415
48	888	0.82889919579622
49	78	0.7609446968538232
50	953	0.6227899059948319
51	710	0.44473705717983025
52	82	0.755431035777981
53	82	0.005672628409777669
54	700	0.08382567814079944
55	487	0.6282436574478404
56	107	0.4697536516849654
57	868	0.6838638005028697
58	905	0.6764000659016871
59	457	0.806095859460045
60	811	0.7494266242843683
61	744	0.8852879166131936
62	98	0.48625174711221775
63	881	0.1811411630094808
64	775	0.18908690536744832
65	980	0.6729631765200167
66	608	0.8116962795927651
67	902	0.237198443241182
68	482	0.9866571365822046
69	787	0.420961793636791
70	901	0.8430688403408492
71	568	0.490559601003864
72	489	0.2977605879315448
73	400	0.7494295486905975
74	738	0.9416960418484873
75	425	0.40629686298824474
76	977	0.032448998942844365
77	32	0.9567349685734238
78	231	0.06143068683958319
79	794	0.05884207243160999
80	304	0.40432173250877257
81	622	0.941415830941884
82	135	0.6619137482619157
83	465	0.8218099664791931
84	607	0.2824945472361231
85	845	0.3691701480078229
86	37	0.5524606060774202
87	72	0.2752444850251805
88	802	0.4903437405017398
89	450	0.8244282413257278
90	962	0.22888848773853265
91	135	0.8264829771167904
92	503	0.5646131887566436
93	564	0.6735302698815417
94	86	0.6811224862333352
95	537	0.565010367546406
96	930	0.8157561197287152
97	798	0.8575438044757595
98	949	0.66362248609154
99	279	0.18534898343117068
100	454	0.6076798770745668
101	18	0.2723297235501191
102	61	0.2354240343280084
103	672	0.42205276911814704
104	213	0.6309664893947149
105	130	0.1367037330719617
106	623	0.9319261262974032
107	932	0.6005283079332113
108	545	0.6972470911123765
109	795	0.7676415868951998
110	283	0.5590458657019214
111	938	0.345416959498838
112	465	0.41446774997051183
113	637	0.7379670976307577
114	670	0.4963056222360719
115	97	0.38932324491370673
116	563	0.3937834784338812
117	58	0.8566967959485097
118	403	0.858595791096774
119	954	0.5228454154857822
120	474	0.9238628353202691
121	996	0.7808440299312294
122	505	0.9512696366954426
123	523	0.8272195182614442
124	327	0.12043058820401709
125	915	0.5543792592553771
126	465	0.15324161955302773
127	649	0.8890301120929459
128	241	0.01902328257510988
129	193	0.007509180238828517
130	870	0.28656858816598096
131	206	0.7890082724285017
132	865	0.8232203657176215
133	386	0.7474460584375314
134	999	0.15498506188667116
135	695	0.6532241750057316
136	530	0.9571263662553599
137	33	0.562417655437947
138	810	0.5804791092995842
139	716	0.24803093629063222
140	198	0.444111310422698
141	368	0.7870492173270162
142	302	0.14688948497499654
143	566	0.3208393915625414
144	623	0.2568344462317971
145	946	0.22042381485407225
146	766	0.75164429897053
147	15	0.33830530059497155
148	316	0.6261392960147338
149	243	0.9762246435939349
150	225	0.7591459122295185
151	862	0.43302495226312043
152	925	0.8837362517729961
153	422	0.5551804110043458
154	480	0.10840393602195131
155	142	0.9136301779745074
156	83	0.4258968146114871
157	553	0.25562500103255925
158	237	0.3707692657796592
159	277	0.22382435381013122
160	606	0.02809561164955543
161	949	0.33921718724006045
162	429	0.07357408578480729
163	84	0.9996929370757444
164	822	0.3946423408756097
165	941	0.8516973766160634
166	125	0.09534735907932479
167	795	0.36907214454538706
168	517	0.16827949416558974
169	313	0.15129611003360055
170	896	0.7333473820795882
171	118	0.5103609639057766
172	307	0.44244079380953405
173	976	0.6596939401298043
174	891	0.8716486708649798
175	420	0.607263356189077
176	491	0.36261860997505513
177	64	0.11324321222695688
178	915	0.6080093462644549
179	346	0.20023392973699738
180	26	0.5365030635142258
181	294	0.019549836122562003
182	228	0.4029003167524323
183	769	0.6552334202311395
184	121	0.01200084455449224
185	430	0.7885528267955785
186	697	0.2467666704538053
187	841	0.8691845977998701
188	150	0.7211839294401504
189	291	0.705977023864963
190	689	0.6356664089119134
191	801	0.6058847217399969
192	594	0.4523602261826588
193	128	0.475472422316101
194	782	0.6989248499692621
195	716	0.6444143323565379
196	808	0.5271865240217266
197	280	0.13756296834931625
198	552	0.9727142707828764
199	106	0.2641318624589939
200	895	0.7180424252595956
201	368	0.40685504347157375
202	1	0.8517089363946986
203	960	0.6733707856767347
204	911	0.2942913342383021
205	620	0.16801689278230236
206	522	0.3636112382633768
207	252	0.47681188130285124
208	236	0.029303162482911538
209	595	0.5198338471242757
210	172	0.9634162496653255
211	616	0.3245693145969505
212	427	0.613652991857851
213	929	0.01696515411564914
214	954	0.7550411037843603
215	184	0.5832230393152673
216	852	0.3500748190250612
217	981	0.9841828392709746
218	836	0.5314000105516088
219	194	0.5965988711319068
220	722	0.8508273685520692
221	952	0.08553867471455034
222	857	0.3376011422791668
223	456	0.43040163845168344
224	517	0.4151696393733739
225	826	0.2042361729247576
226	898	0.5439485972070051
227	177	0.6152552644548165
228	280	0.2602989657121977
229	784	0.8972639983041134
230	825	0.3702534604318012
231	319	0.9655787813169814
232	686	0.5442010956856405
233	845	0.7976459804687813
234	930	0.24198727803116515
235	161	0.052993160424289365
236	946	0.9843480121439123
237	787	0.512816103206344
238	806	0.8630514887368413
239	474	0.04344947510395425
240	588	0.8036171094155101
241	722	0.01362936614499799
242	731	0.048518912639998635
243	195	0.9767981698055176
244	163	0.16748173663700805
245	121	0.26992922159891586
246	468	0.9933961457497823
247	746	0.8587039747948882
248	23	0.31146590415391584
249	337	0.02773006395122357
250	994	0.7735449406413131
251	465	0.9082950449789087
252	545	0.32490440148001987
253	278	0.9108791428513061
254	336	0.0626138769629021
255	352	0.6973153070317023
256	107	0.923068686125687
257	580	0.6053932030977665
258	663	0.6454960266006313
259	256	0.5172072808233755
260	232	0.06918439315574498
261	656	0.6145443684092153
262	434	0.3915899418827927
263	832	0.5174488230058935
264	711	0.6217335553372335
265	537	0.7297872944101714
266	69	0.6011385194016355
267	225	0.8972838190351712
268	266	0.11554591357058852
269	206	0.7162105782391412
270	540	0.7879275484483195
271	89	0.14295376532607007
272	742	0.30606076630988055
273	914	0.9242477516666969
274	851	0.16376850992909564
275	267	0.6629826758059746
276	422	0.6645950055662704
277	67	0.20933964321240706
278	204	0.033910529181680804
279	533	0.28016471105976615
280	757	0.7826618492538637
281	968	0.950305065603398
282	476	0.3802063131107457
283	675	0.7321239637441851
284	20	0.36803902164713176
285	728	0.3405240372015791
286	866	0.836512286082163
287	44	0.31777434968652385
288	619	0.7957506682315167
289	476	0.3384816500640613
290	743	0.6577206535266829
291	895	0.5408587812416938
292	428	0.4144227557774124
293	889	0.0529669205234885
294	86	0.7213112876189108
295	224	0.23006819588250615
296	639	0.19939915824381105
297	274	0.17650475001917043
298	389	0.3844236365152712
299	785	0.4760342986677266
300	520	0.1623069551058166
301	517	0.21129055320487378
302	494	0.5493615729778152
303	500	0.14794191690458813
304	73	0.039747135770644926
305	220	0.8923581005328685
306	460	0.37826744362102716
307	734	0.07147068608323492
308	374	0.4237840939089472
309	787	0.019173173945432498
310	240	0.660308906666535
311	220	0.48636115326178697
312	532	0.7669347687144141
313	563	0.8590134245615307
314	520	0.20825973696134015
315	546	0.6958376890705905
316	992	0.9654204316711427
317	283	0.16374186009344727
318	940	0.16899799392441694
319	289	0.017134477628369504
320	791	0.2193680678492158
321	970	0.6068125397840922
322	237	0.21670710800817883
323	57	0.4749578795486906
324	852	0.5914082392948283
325	884	0.8623065561150965
326	351	0.6251305569531405
327	113	0.6994956206121525
328	88	0.350535982085335
329	56	0.32158936595189536
330	797	0.5171079033357826
331	192	0.021115368418230807
332	85	0.6644941456047282
333	150	0.18497756916391417
334	98	0.7686359873736373
335	302	0.14938016841766288
336	877	0.8389987595040482
337	522	0.9063808040690442
338	53	0.5433231469674429
339	11	0.6713502322652577
340	842	0.028273180941995713
341	583	0.7439781364512562
342	588	0.19162747661987445
343	96	0.9187499733602956
344	841	0.509733662252707
345	693	0.3045472595745903
346	325	0.8038774246611738
347	765	0.23549386970546293
348	732	0.553001518067192
349	122	0.9794634318725056
350	276	0.5520063615120192
351	668	0.7194536748967101
352	589	0.910339940372275
353	496	0.46124198444635367
354	188	0.5532477706028314
355	971	0.3642339084867776
356	813	0.9235673884672808
357	493	0.7162335188427363
358	636	0.774410945849092
359	188	0.03770041887088771
360	46	0.5688857623704314
361	378	0.3896345857535325
362	205	0.8082495034813009
363	80	0.8176348180044286
364	613	0.613314933909477
365	140	0.8659474731192625
366	352	0.668194461231793
367	235	0.11661546315538895
368	859	0.8423864101945409
369	718	0.9640974796814095
370	315	0.812270019267461
371	483	0.9429228060146624
372	324	0.19762153742570843
373	697	0.17864901027910962
374	641	0.6399616589590941
375	204	0.5027690518362447
376	615	0.5730261828658267
377	874	0.39850515497349015
378	747	0.9848074898020452
379	665	0.7763367981489684
380	468	0.20140488662210154
381	549	0.6597409895523739
382	561	0.07625513703994713
383	190	0.15387205804904058
384	523	0.6372127325983497
385	915	0.2917809141922759
386	512	0.9730355806793997
387	994	0.09779912389375345
388	89	0.7961960967432433
389	665	0.2494431304904854
390	149	0.8606635818093857
391	989	0.010879499746841548
392	241	0.03909748983554362
393	892	0.3096803020412391
394	338	0.7496742082251504
395	425	0.6506269587013768
396	335	0.3076461548647266
397	687	0.9774588046949101
398	966	0.857907868463785
399	707	0.5158563405574328
400	752	0.7958923349469363
401	473	0.7804819617068585
402	992	0.8325947668151775
403	203	0.14101488408842222
404	555	0.11506783026252265
405	447	0.08294440207418663
406	503	0.4678157988517604
407	885	0.2216615084633753
408	930	0.5411813856817755
409	882	0.43152231830389787
410	685	0.9309967046713816
411	397	0.6115880871338706
412	552	0.66840899793103
413	776	0.19669587758102103
414	432	0.672177981780518
415	8	0.2780286034204116
416	589	0.9137611387090337
417	376	0.6848740692173038
418	952	0.7537625074353528
419	124	0.3831381657907368
420	414	0.8178486245544094
421	388	0.22876407954026678
422	279	0.49555132472660035
423	5	0.7512739886517642
424	78	0.7340752884333286
425	805	0.5616406137097532
426	698	0.5601128836970848
427	649	0.23669477401868122
428	397	0.9249700026489773
429	470	0.9169594156964269
430	699	0.3250528962735052
431	651	0.9536558037865991
432	656	0.8891190937140198
433	420	0.6257749936940297
434	144	0.3989595213785032
435	284	0.8440283506575048
436	131	0.6741520154766084
437	103	0.14016691117383206
438	501	0.5303329952378057
439	819	0.4214089074785685
440	436	0.21250526978208895
441	740	0.761385406107869
442	668	0.5061654768825156
443	384	0.8065984613264922
444	520	0.8216293871180719
445	226	0.21048494383870742
446	572	0.4554947102799928
447	41	0.5402879068204831
448	202	0.18710804651751956
449	544	0.9333206034603226
450	92	0.5694645923910918
451	592	0.9716794731311045
452	63	0.9440859298311858
453	434	0.1410958687485534
454	820	0.20307491224490393
455	623	0.29681437348767803
456	114	0.3465419594802821
457	831	0.4065602295320544
458	183	0.4061453451414119
459	417	0.7907841854817367
460	963	0.2170174260433927
461	876	0.6194168714442537
462	343	0.06090077381905423
463	844	0.9423244535578169
464	267	0.5382712002614151
465	32	0.9624848215053945
466	68	0.685500638102986
467	749	0.7278445896066535
468	243	0.1045037661038406
469	928	0.12182699438566402
470	423	0.5613272110466608
471	535	0.28436888033245344
472	142	0.46624239303773773
473	994	0.6516538490467421
474	721	0.4630625719395203
475	167	0.6313942652289789
476	987	0.8724385422913165
477	904	0.36231237299421604
478	141	0.5114377149448512
479	973	0.9968543790567816
480	540	0.7135086563354076
481	287	0.07311196781729767
482	576	0.5279744667189118
483	200	0.11542984231979769
484	643	0.0027183452700947353
485	451	0.22126569854150568
486	429	0.19950540913538828
487	957	0.13897463723833625
488	647	0.539670308335082
489	101	0.9679881928629269
490	5	0.038549696875900485
491	374	0.836317554193477
492	125	0.5123201330030692
493	361	0.22328568585684305
494	502	0.9562517059018576
495	99	0.17421117373292705
496	819	0.8862390169013104
497	264	0.23278812229423684
498	76	0.2527668105687062
499	51	0.6123772038534514
500	247	0.03614582736294569
501	4	0.5950443874779735
502	33	0.9788699114794127
503	127	0.13937835976110025
504	879	0.3179493598962708
505	952	0.30097057854386233
506	939	0.26386702090270453
507	529	0.9509453038661437
508	419	0.2736972072080063
509	321	0.29811565596746403
510	482	0.3556540300806632
511	596	0.10347714698346344
512	286	0.16165873061460379
513	274	0.2893788365304446
514	262	0.28084852627704815
515	498	0.5296313795942905
516	235	0.33308709992519037
517	167	0.24869922364361863
518	198	0.044805027734945546
519	533	0.2845169643608948
520	790	0.5070112010071216
521	242	0.1227545488615499
522	813	0.1981218013133338
523	207	0.34535434595333403
524	454	0.1633811185456805
525	172	0.9824854814431686
526	391	0.38821077407845306
527	1	0.19244021296041314
528	13	0.3552675861161153
529	800	0.5288595075956166
530	166	0.15852376932637724
531	807	0.8859019319134211
532	971	0.032818493665974224
533	913	0.5747904035554615
534	171	0.5128386962468342
535	114	0.3831332605525294
536	991	0.28154657516178927
537	542	0.19118276813991253
538	983	0.21135337082350147
539	431	0.2727225862302368
540	416	0.1489387789017258
541	33	0.23091240196684681
542	945	0.7467039378300498
543	565	0.9455038403979497
544	380	0.33679469774893345
545	787	0.10449609997711073
546	913	0.8164236817111711
547	788	0.8616947036254994
548	86	0.6197296501759728
549	916	0.22846646495997647
550	283	0.5781916592402133
551	473	0.20178180413650282
552	823	0.7366740768213792
553	726	0.34635787736909973
554	964	0.23754511551561153
555	386	0.9369676691031436
556	384	0.8378447783634414
557	301	0.16438610221332683
558	671	0.9632420127647148
559	167	0.41490598691696134
560	636	0.2101102751151961
561	522	0.46626560753237334
562	563	0.7760896204186938
563	21	0.19250646402072813
564	771	0.5435608859019961
565	194	0.895358797598791
566	193	0.30946141202634503
567	606	0.47342762172692343
568	158	0.7698574886041898
569	774	0.7518052428568008
570	559	0.7794257680813572
571	844	0.28628931135297786
572	656	0.02080768608425143
573	820	0.8318127436250332
574	833	0.3737018613676103
575	847	0.9369076585496076
576	832	0.5844359275323676
577	198	0.24731679924725591
578	511	0.9546282403756711
579	116	0.5541330996681311
580	703	0.14347600428135454
581	522	0.687648115866253
582	213	0.386432760405944
583	732	0.14322304859871549
584	755	0.19673432180485062
585	301	0.16081550367270092
586	514	0.7469458438461355
587	525	0.826340520230429
588	517	0.5865227888355006
589	378	0.08091089813432673
590	340	0.5559132665170509
591	327	0.9736645259750164
592	132	0.807472443821962
593	542	0.7106233778388868
594	243	0.718406076237855
595	824	0.7699740519726271
596	661	0.2050266306740276
597	554	0.3920414904838302
598	672	0.26636390772928853
599	338	0.5800178850847973
600	492	0.804606957046625
601	289	0.7188238386260577
602	136	0.1562086915233588
603	837	0.08861588762918515
604	482	0.04831173720047799
605	803	0.3660594083720875
606	698	0.5926292956034142
607	739	0.5834193604686401
608	170	0.6172226591538166
609	721	0.10658734794359759
610	50	0.1793260774173424
611	601	0.08396435154307658
612	933	0.9698176096256402
613	70	0.6122055179080536
614	860	0.36365982139390907
615	289	0.0024511734995369405
616	250	0.031079429228737743
617	903	0.8276028715716219
618	207	0.42629373753280053
619	327	0.11767291767678523
620	172	0.1384461477357518
621	186	0.17081474406685893
622	669	0.7352647070641368
623	727	0.8235554484287816
624	971	0.9911146661271081
625	331	0.8586238798489249
626	89	0.6837982015518327
627	445	0.03724934649067835
628	974	0.5266384631789279
629	320	0.42643585849944443
630	863	0.2506122335348916
631	488	0.5721674065611833
632	799	0.3970864817785109
633	915	0.3387773356000845
634	666	0.9145717562749666
635	979	0.09333114689566036
636	248	0.46074378892674106
637	444	0.4042107368797361
638	67	0.8856647485757351
639	572	0.8687492771218519
640	594	0.5021305586742293
641	719	0.6139267194604214
642	404	0.5059363640497179
643	511	0.5295677508629747
644	646	0.947137186519511
645	353	0.12994960742186024
646	441	0.30531714679631705
647	488	0.5576118653664592
648	729	0.2827872608007449
649	615	0.6372262735326257
650	891	0.7866560834089478
651	976	0.7542950084890917
652	63	0.013679009184349167
653	992	0.7486194855226533
654	689	0.8286586920770288
655	239	0.7079923946575482
656	666	0.4635845157350048
657	220	0.8306615464238527
658	664	0.239837129754638
659	454	0.3133439278187401
660	93	0.34485499011442733
661	685	0.33795461415236516
662	185	0.1685025741021603
663	563	0.9210866479091983
664	121	0.3860050472470711
665	495	0.029124566699999854
666	779	0.31117069845107725
667	739	0.7826171521003461
668	222	0.7608975746774824
669	915	0.7002594274116831
670	489	0.7947983304994319
671	529	0.7219301385533531
672	302	0.7065416437844092
673	657	0.0177822918892665
674	941	0.43419395966687324
675	948	0.3018370382973743
676	368	0.05973863880138586
677	149	0.7240001224544667
678	902	0.7988034901124251
679	364	0.17452865613472934
680	991	0.6804648923801121
681	144	0.9870459188301155
682	919	0.49764501057582455
683	373	0.9117775170847033
684	683	0.6315521012547199
685	209	0.7845852883573373
686	255	0.7755773098524116
687	628	0.23392393615268092
688	323	0.8470808416771235
689	19	0.8769947371848877
690	666	0.9192068783730134
691	237	0.5378747720792305
692	565	0.28398546667480373
693	55	0.7752899795639688
694	663	0.2961800576200897
695	118	0.07977630774112376
696	101	0.689124135729933
697	22	0.7946398344649219
698	332	0.20037561053496034
699	204	0.1835211536238186
700	858	0.1446994559884558
701	718	0.675208059106871
702	37	0.6425931204890861
703	424	0.022445729015430405
704	642	0.30439324871072015
705	169	0.9636696594042564
706	386	0.019708510167237847
707	446	0.15131662175172012
708	894	0.6959791766841488
709	679	0.9568977302337758
710	429	0.3887299130142666
711	7	0.051440837425261066
712	998	0.33816403561977515
713	970	0.2397646632262671
714	34	0.852088591687997
715	703	0.6056946470380977
716	462	0.26629289299687486
717	579	0.18657272212497034
718	443	0.8155131503081812
719	143	0.14436189293854185
720	874	0.26315119041864243
721	68	0.2436151748753278
722	728	0.8337054526184747
723	241	0.2060432125579824
724	203	0.47270216759407235
725	922	0.861792320688965
726	764	0.15980111931760121
727	565	0.03162679156604109
728	747	0.9794566096560456
729	292	0.14623417301861985
730	49	0.22187169942803442
731	816	0.5606418989707549
732	839	0.3413866037148474
733	333	0.6412559325020809
734	302	0.1142557855712294
735	716	0.6252891472045945
736	665	0.8440297711450296
737	712	0.524123880418758
738	451	0.03162687155688626
739	947	0.6125332109839177
740	747	0.11958818862864928
741	97	0.8944195603091879
742	241	0.5548409164824614
743	769	0.9476783134277388
744	255	0.9547236137270437
745	484	0.3971574194158428
746	567	0.9170517889419372
747	821	0.571507406404857
748	102	0.4749883293407253
749	466	0.40309147982181803
750	699	0.5982592309594876
751	201	0.3506530147861808
752	34	0.9956880561089108
753	910	0.41376639709335417
754	68	0.3401200677385522
755	879	0.7673572825935068
756	670	0.12307568944096359
757	134	0.45610351273088756
758	116	0.4930830833726404
759	750	0.44261483085243924
760	762	0.7345197637265485
761	221	0.3244639882115611
762	361	0.8823987194578705
763	503	0.16537430884404403
764	944	0.03376007773389256
765	481	0.8618362455377676
766	411	0.5170699807097289
767	792	0.3331074137654966
768	43	0.7272147376302442
769	806	0.8696847216833219
770	387	0.022070721040077457
771	381	0.060993961871879
772	352	0.16512594421659188
773	960	0.8275404475501604
774	992	0.08535023193369184
775	554	0.10407762524286357
776	522	0.5391255331180639
777	522	0.4220218207532208
778	266	0.5883211974529375
779	670	0.01896803567208949
780	684	0.25746718345273933
781	643	0.356305948659139
782	119	0.8174040858382925
783	517	0.616778111708398
784	590	0.19142502705681697
785	64	0.6004935990965989
786	374	0.8758310511647105
787	698	0.2817640899212721
788	931	0.5267976206614753
789	285	0.7954613025529509
790	83	0.27828919265496266
791	471	0.15851019553791346
792	290	0.7262131948533131
793	116	0.5543537931051744
794	443	0.13123623212956903
795	342	0.4011352975204573
796	361	0.4948229027503829
797	88	0.8382727554616256
798	649	0.9718563952169734
799	69	0.673553343341963
800	304	0.9079513040089274
801	854	0.8342030501421057
802	464	0.4492773163993329
803	161	0.5137763061268183
804	440	0.41490070529647616
805	74	0.18316188796738908
806	577	0.9439596198274306
807	242	0.5424873692245405
808	123	0.25449184531302504
809	325	0.2261288739638394
810	519	0.5305684432307749
811	576	0.3517730883804385
812	59	0.16010728237912375
813	896	0.07371814914111674
814	737	0.3689572159563428
815	605	0.1805362488383262
816	814	0.6939722565822875
817	283	0.4079042418214127
818	748	0.7011377382897274
819	795	0.3164812830289311
820	966	0.28584145025724106
821	316	0.9367363804283507
822	148	0.5994317155592588
823	892	0.9343154616654551
824	4	0.9735645736121148
825	814	0.9698042768077619
826	296	0.33632713584924323
827	230	0.3030019745193313
828	291	0.8350600473801024
829	675	0.14750770402797786
830	824	0.3980560166295628
831	780	0.743257625578602
832	320	0.6869655000112869
833	230	0.18186807364470015
834	50	0.8713029021375741
835	943	0.4363892995441677
836	107	0.6468350091860837
837	230	0.43024937921714335
838	179	0.45092500332635654
839	84	0.7596230500854113
840	736	0.5843445506809194
841	748	0.528191016517239
842	305	0.7892262940605571
843	199	0.8969122592740937
844	122	0.6997049429406267
845	737	0.01268287545216229
846	278	0.6554015166511181
847	246	0.4468240297914442
848	791	0.22200177470349647
849	220	0.42405884430223695
850	390	0.09036833952910617
851	522	0.45118680191584215
852	690	0.15832493176247764
853	3	0.3289341814033955
854	340	0.8512986329809642
855	883	0.9734908763117442
856	43	0.5588594072177878
857	286	0.21789434491602944
858	661	0.12307603005606049
859	507	0.4560052277932676
860	551	0.589105471354137
861	459	0.5412507756136891
862	319	0.37390710182542497
863	107	0.06954658937281522
864	592	0.052968142664684414
865	132	0.25677788746040664
866	930	0.16287632901400295
867	648	0.20700705854728485
868	581	0.5062294978835417
869	460	0.4170298602304322
870	634	0.6538602003439103
871	250	0.42236478905951247
872	550	0.49351380502140674
873	98	0.16745089261081547
874	572	0.6789987729131125
875	297	0.010695193506822576
876	788	0.35222362401538576
877	97	0.36817285031454494
878	712	0.4927091522895426
879	521	0.44472698868639216
880	810	0.22376666652069088
881	776	0.4584284078230676
882	376	0.6496386689902282
883	480	0.4159687905821484
884	594	0.031446502060297976
885	202	0.31186157900744227
886	376	0.6241931799204304
887	851	0.9694004527360325
888	705	0.328849478839115
889	358	0.7566952019486466
890	143	0.309451093727773
891	426	0.13159169125370118
892	484	0.20281315943676337
893	972	0.40015258908435714
894	251	0.9561822079872471
895	750	0.028399603132839513
896	143	0.1400348937708813
897	716	0.8449278164644632
898	644	0.49387594870596896
899	566	0.1121665241537132
900	297	0.2818771899736102
901	98	0.45184198331609404
902	168	0.9582732668581271
903	902	0.9234468720526398
904	285	0.19580714154969814
905	953	0.5480158836693314
906	187	0.543119197985115
907	28	0.620319347422852
908	970	0.007854351804962079
909	78	0.05311749809649269
910	341	0.38267166586001167
911	122	0.25382418486962965
912	749	0.3526409493227972
913	692	0.3688698115142577
914	953	0.9221359524823072
915	891	0.9984992466415649
916	549	0.6281925382231894
917	334	0.8368630402331182
918	799	0.8385961820969938
919	344	0.5516847161585434
920	131	0.6017243876545564
921	339	0.5141916599217371
922	63	0.5137981289938784
923	438	0.7469918997229552
924	997	0.7583486370969224
925	137	0.06062440066292141
926	206	0.7639981976261278
927	883	0.11086475944091745
928	306	0.47038456615477464
929	762	0.6602984181655379
930	21	0.5101576166478151
931	947	0.1087999881606011
932	966	0.15395394258665496
933	654	0.14126282535050638
934	305	0.29701834562822893
935	679	0.39654131929528724
936	863	0.2351140381518816
937	829	0.2950078207109821
938	251	0.8670078130938884
939	88	0.9884409617585416
940	436	0.10789572826030225
941	210	0.1637143808239766
942	329	0.4483289382973239
943	255	0.01488729217262974
944	114	0.8947577776659458
945	569	0.601439818961056
946	725	0.916801554492493
947	981	0.42613035221370454
948	647	0.44424177639640594
949	334	0.5770239462416231
950	841	0.0891712526131806
951	621	0.6389012536774564
952	278	0.7956658394775418
953	523	0.7396909214888718
954	400	0.517152572585984
955	147	0.40197469709074485
956	494	0.6771551795413958
957	99	0.8387068151706428
958	792	0.6483513470817518
959	538	0.7771259836679668
960	110	0.06486239075800893
961	146	0.9585928628257654
962	939	0.8894721309676472
963	86	0.7012308929540035
964	559	0.6494748058940369
965	358	0.5416050851080387
966	444	0.9004437423310483
967	770	0.8328664405766083
968	194	0.8784465309252064
969	134	0.6824064528634958
970	499	0.023442457017815332
971	694	0.37508985134106654
972	408	0.070186292014642
973	439	0.8625725952763551
974	341	0.3808860787319889
975	371	0.758385503255283
976	752	0.9597860765527105
977	396	0.26686811551420775
978	567	0.10710605836197107
979	251	0.025865034104330054
980	454	0.7647174711940105
981	483	0.5153694159495231
982	164	0.3457778506350314
983	276	0.44668437519260173
984	692	0.3505003043549493
985	190	0.42580981210707347
986	884	0.1709607301579289
987	682	0.8262425231031918
988	498	0.7346108610265669
989	883	0.24240100799217867
990	240	0.5956727305305102
991	382	0.714349802123229
992	612	0.0030802384529344806
993	745	0.3025442599857161
994	976	0.26674450036515096
995	40	0.9843588691762328
996	434	0.3150911459103196
997	946	0.9859435709218679
998	52	0.8874232585679713
999	460	0.9188133972998661
1000	212	0.027608908091712014
1001	424	0.04185580206816708
1002	247	0.6689910881784912
1003	809	0.011444285222535266
1004	778	0.5992970009388536
1005	558	0.8889443525453424
1006	468	0.8898086855809679
1007	712	0.4555547271482171
1008	11	0.9666566186159099
1009	278	0.8818772399445638
1010	150	0.8866023754526359
1011	542	0.4771405883566383
1012	357	0.24779699957828227
1013	910	0.9156043955400064
1014	462	0.9670513743723397
1015	523	0.08446801618267163
1016	108	0.7336348817050914
1017	819	0.9973491581738758
1018	155	0.14895878276187546
1019	365	0.7872355890182131
1020	51	0.4341879027174841
1021	860	0.5350666303533699
1022	42	0.6731828994338419
1023	998	0.8808443148891784
1024	200	0.391400108008103
1025	570	0.004725123936853981
1026	123	0.39791316840890156
1027	214	0.5568320613970137
1028	398	0.755189472411281
1029	780	0.12974191781533706
1030	198	0.8641474112736067
1031	842	0.23338892336671058
1032	721	0.8359666840763663
1033	218	0.2677509867065071
1034	864	0.4973592495597954
1035	141	0.7736371946763756
1036	857	0.41887555433138124
1037	81	0.13687008184181515
1038	704	0.3118376358687893
1039	740	0.5248553928074449
1040	381	0.5714131847362641
1041	786	0.6363524585628318
1042	638	0.7252655635166969
1043	681	0.4880365581312436
1044	439	0.7690095251359345
1045	738	0.6201034079069009
1046	884	0.6657105041600379
1047	156	0.05659994622713116
1048	503	0.8605954421611092
1049	277	0.9152200811171533
1050	525	0.3882454470585863
1051	126	0.479269308779932
1052	29	0.41979344773660754
1053	802	0.09866781499381205
1054	210	0.4883178205333396
1055	491	0.5069431059234787
1056	691	0.9673969692482663
1057	625	0.7837004170392678
1058	601	0.6298990377182005
1059	971	0.811416188995845
1060	342	0.4782467337520021
1061	436	0.8349994214085877
1062	68	0.015221527701708593
1063	949	0.3832186734165165
1064	105	0.03527758466213993
1065	821	0.7978982488123334
1066	589	0.3338162983795887
1067	895	0.23457790370137332
1068	400	0.06083677073191884
1069	229	0.20392891285595516
1070	775	0.6709863239749242
1071	494	0.35465282638358175
1072	299	0.23391332505319606
1073	96	0.09093657826704382
1074	75	0.9461958781542519
1075	810	0.44781706710362523
1076	946	0.6796444334445716
1077	894	0.7763764024211735
1078	857	0.9616475301204938
1079	831	0.5474539266583682
1080	564	0.1855207989529043
1081	967	0.9008405542931457
1082	355	0.07656000889070025
1083	648	0.3928251516339385
1084	92	0.1831979312612173
1085	646	0.012973511589877584
1086	931	0.12273281660351754
1087	882	0.9017648324775356
1088	729	0.956979688078422
1089	595	0.18669810366709738
1090	119	0.4282199879355596
1091	590	0.45481152138332115
1092	111	0.6229653002340071
1093	173	0.11477628098877901
1094	790	0.5313374246517354
1095	824	0.14525171690096172
1096	759	0.680260444964535
1097	649	0.3530346052355793
1098	338	0.4904781661089135
1099	38	0.5116733319296806
1100	412	0.9378966020315797
1101	19	0.9407766874077648
1102	845	0.5715430867273328
1103	89	0.7227714418524231
1104	906	0.6461741730760646
1105	819	0.03503839169117551
1106	802	0.9565229114120952
1107	783	0.488883173067857
1108	86	0.14435449143209655
1109	788	0.16785442069677625
1110	199	0.8001909855407071
1111	433	0.6188706565702897
1112	767	0.8540019609949123
1113	947	0.0713154960896748
1114	620	0.8954671804669967
1115	513	0.7132121066441514
1116	496	0.20972160868636014
1117	582	0.12626532906553511
1118	831	0.007007379650779022
1119	306	0.20745651766746842
1120	716	0.8759725596589188
1121	579	0.0670836513776828
1122	441	0.49116981742407795
1123	292	0.12557928840190835
1124	147	0.4702437619090041
1125	118	0.6985045583965036
1126	937	0.5226193943990255
1127	946	0.8120287042371633
1128	461	0.9443635524986995
1129	968	0.6356933520942003
1130	366	0.35825724703350836
1131	962	0.8799945023725549
1132	100	0.3054555897090373
1133	362	0.8522184401544832
1134	124	0.7614571179882264
1135	836	0.6622102771195598
1136	186	0.18926449859559624
1137	779	0.6784988579434299
1138	13	0.645679995808342
1139	415	0.282069856537681
1140	213	0.7844196842380093
1141	934	0.37548407817444385
1142	120	0.9148268218802752
1143	631	0.9080721209497502
1144	206	0.9087559198009534
1145	23	0.6807704669716582
1146	457	0.4815979213988446
1147	624	0.3483169795146447
1148	938	0.7400168739110371
1149	814	0.8792378698325447
1150	926	0.24839992297864033
1151	490	0.2307704094694104
1152	365	0.46080015902004734
1153	547	0.8311261752534422
1154	90	0.35021963432915193
1155	76	0.2642766417233876
1156	595	0.8866519947131397
1157	17	0.3901053838717339
1158	188	0.6347512230126925
1159	748	0.7889029276361146
1160	406	0.5343858079459778
1161	904	0.851733186686695
1162	320	0.7948907432514205
1163	541	0.7354183324973419
1164	314	0.4387836715822687
1165	997	0.03913888046229108
1166	18	0.05187674656032659
1167	535	0.996385263066965
1168	681	0.32627353094207046
1169	367	0.3821798511823238
1170	605	0.7001364177499739
1171	964	0.46044007035813694
1172	991	0.47498057506311886
1173	45	0.8462994755153792
1174	824	0.7448894176160578
1175	787	0.12058331493550889
1176	528	0.4868022578361195
1177	685	0.4314178691150645
1178	515	0.3749895524984558
1179	73	0.9396779805429332
1180	347	0.5785319357814688
1181	6	0.5942644879496021
1182	548	0.7717144111477495
1183	973	0.04871176300901103
1184	505	0.7433076278838908
1185	920	0.7206514129710344
1186	551	0.15289006634217528
1187	16	0.5345033743090157
1188	419	0.13487975934362484
1189	511	0.4077861451975203
1190	91	0.9136333994581396
1191	578	0.5272553910405916
1192	282	0.8970749688077073
1193	453	0.5165190222777112
1194	92	0.5238312520061504
1195	327	0.3534403415567523
1196	233	0.3893116285649528
1197	471	0.1586652896035724
1198	940	0.9243655774946152
1199	965	0.8543022762947439
1200	197	0.392754187233162
1201	343	0.18926504553519274
1202	495	0.1928490161201989
1203	932	0.8201108282422029
1204	463	0.5220106850910722
1205	865	0.1461621834571062
1206	964	0.1624974107432483
1207	13	0.9660310938522855
1208	399	0.9271726280345209
1209	551	0.468073335934878
1210	447	0.9146372086530862
1211	702	0.9060174939821984
1212	632	0.39485813181425855
1213	370	0.29992872392662306
1214	788	0.34750568715689933
1215	235	0.9648319491098882
1216	884	0.4827259866380952
1217	449	0.8169552790078808
1218	397	0.6535688227609852
1219	808	0.31161464402356465
1220	114	0.3246386892697807
1221	1	0.09900015340591295
1222	401	0.5389379317679491
1223	662	0.6761181960670097
1224	647	0.667912738857928
1225	422	0.08546800276622035
1226	248	0.7428495696354533
1227	30	0.7107748804811193
1228	676	0.007943135267197365
1229	708	0.7707797909679901
1230	549	0.9568716403276513
1231	825	0.4074567971912184
1232	264	0.11416683164184005
1233	214	0.19904415424733823
1234	744	0.4833979043231901
1235	55	0.7387524560011081
1236	394	0.9619381616202097
1237	625	0.5234132465378409
1238	59	0.40694866595177204
1239	207	0.024567502072233904
1240	776	0.8492310038689963
1241	92	0.4738417303336586
1242	113	0.39160795247751135
1243	613	0.154311295471651
1244	121	0.7926320102788059
1245	904	0.3542437420336779
1246	749	0.9236643029442498
1247	262	0.31823696678849234
1248	48	0.4789759650765659
1249	785	0.8581607681314852
1250	517	0.8076553796731714
1251	390	0.16937472974682743
1252	270	0.20902918744251708
1253	946	0.3176818624560064
1254	45	0.08619456091756805
1255	208	0.032690512505151204
1256	387	0.8261720846528209
1257	315	0.39979625774255945
1258	56	0.8757236909575307
1259	774	0.4358465989380058
1260	394	0.6277870445179594
1261	366	0.15628215350526908
1262	940	0.5247265114447162
1263	599	0.9308757898413551
1264	798	0.6857921365392304
1265	715	0.5059405119920718
1266	897	0.7893909939253064
1267	433	0.512077544435029
1268	631	0.021045838908050563
1269	760	0.5427719946856836
1270	587	0.48217778991471294
1271	112	0.8974114303627129
1272	600	0.8960979543687945
1273	770	0.9359799727724204
1274	706	0.48380980018395403
1275	860	0.3901781748853791
1276	321	0.32123256431990055
1277	384	0.4320453947031295
1278	22	0.39515443542173223
1279	851	0.7369266193838331
1280	370	0.273139307280321
1281	594	0.2860316203656075
1282	744	0.3553171642807994
1283	813	0.2563057901464476
1284	873	0.31051601305179843
1285	417	0.29130192972779845
1286	164	0.8486426150442575
1287	683	0.9408029064526756
1288	446	0.7308378819647133
1289	243	0.7114887082169191
1290	366	0.4742991592502601
1291	770	0.8588304150388402
1292	865	0.0019433749408878098
1293	249	0.3488270816860969
1294	471	0.7084788766103538
1295	15	0.6703907569382898
1296	263	0.058606094106786744
1297	858	0.09824334334564422
1298	757	0.12747317351016685
1299	675	0.606076482351968
1300	809	0.6482666037200756
1301	270	0.9654339710085555
1302	132	0.04892468054446952
1303	617	0.97839061618221
1304	700	0.7824952100549166
1305	197	0.9993291843220728
1306	557	0.7438162873877467
1307	48	0.8870868482349359
1308	75	0.7379215728163916
1309	261	0.08219547691845941
1310	105	0.3317821713256748
1311	689	0.8842630656892464
1312	437	0.9395385927334841
1313	896	0.02160941685704465
1314	636	0.4424016283968807
1315	350	0.5655319148992959
1316	721	0.4991510632342854
1317	366	0.2837512586746256
1318	588	0.48112464610979433
1319	721	0.07957132206702355
1320	254	0.46922655309214567
1321	200	0.22326038953641392
1322	132	0.2873843478128991
1323	661	0.275185371911028
1324	117	0.3027560387727023
1325	124	0.5644497453752807
1326	99	0.59578404187447
1327	581	0.5787416151606654
1328	729	0.40484358129399467
1329	525	0.8689632314654806
1330	12	0.5301374789057284
1331	331	0.3043132073441185
1332	218	0.9398242847399604
1333	260	0.598941215539044
1334	828	0.2181419672401923
1335	377	0.15622430993278724
1336	398	0.1538019507810291
1337	731	0.6091508590322061
1338	439	0.16547414002565497
1339	713	0.7642305215727365
1340	815	0.7556904296159246
1341	157	0.5820808459482244
1342	364	0.05792958325431974
1343	177	0.8402504871452795
1344	658	0.738730874041837
1345	877	0.45343540418196726
1346	724	0.8616963704542799
1347	604	0.2674081197876059
1348	318	0.22825463440529892
1349	185	0.03785458534737396
1350	447	0.34176883769664734
1351	886	0.8467153371668532
1352	53	0.16884149111040192
1353	840	0.7746288885910133
1354	459	0.6337785940288084
1355	6	0.5234054808100402
1356	470	0.48509296413228253
1357	977	0.7137371077501389
1358	909	0.4957523355752411
1359	873	0.1909995424617177
1360	813	0.4184403636788352
1361	949	0.49864209049750974
1362	666	0.11381998461154774
1363	217	0.5290540495788951
1364	138	0.945012368365243
1365	493	0.33976272141858643
1366	182	0.6690712233791682
1367	771	0.8172461594227598
1368	443	0.9880849942450486
1369	213	0.5347026464110346
1370	64	0.9199221541317747
1371	658	0.7219527212884047
1372	919	0.06472017535487207
1373	16	0.06531761497206678
1374	795	0.627749788702996
1375	405	0.6067086976577835
1376	415	0.013897263369258894
1377	484	0.5843630071436324
1378	592	0.20763936241551717
1379	498	0.5630292252083828
1380	494	0.24065969110116214
1381	17	0.9320304818288443
1382	26	0.5139025970958834
1383	560	0.7384185707907251
1384	169	0.2667001018564934
1385	844	0.8085499758501806
1386	893	0.05822608780380478
1387	852	0.746684910642843
1388	451	0.16763562619041927
1389	255	0.31918326243096273
1390	939	0.23556353443874045
1391	522	0.8476342045870169
1392	327	0.8104648492707338
1393	325	0.07945574046351755
1394	987	0.08098531634465378
1395	855	0.39664867908478685
1396	186	0.7186199496097989
1397	974	0.6063223438092439
1398	91	0.18197112325630005
1399	850	0.1764195493746311
1400	318	0.933414068692041
1401	292	0.16077963256786754
1402	604	0.9664032072588986
1403	737	0.40562990384384967
1404	300	0.8232503431288704
1405	140	0.7971289982817935
1406	584	0.10518312601231894
1407	785	0.6531479179810977
1408	725	0.1579464999821466
1409	573	0.8113174321146782
1410	180	0.030039026892004994
1411	915	0.7422883399841123
1412	758	0.9448101755600888
1413	898	0.9224713700432564
1414	793	0.5410346863968782
1415	484	0.2568309080774299
1416	792	0.7271882366727124
1417	916	0.043212567761456766
1418	686	0.7084949880306016
1419	361	0.49579611976618243
1420	445	0.8538205754112927
1421	841	0.02469096533922288
1422	41	0.7405260484932686
1423	989	0.25874663281427746
1424	740	0.18303692719756448
1425	480	0.910675215380475
1426	59	0.5016161224996715
1427	975	0.4977197436468951
1428	871	0.9815870507451134
1429	806	0.45602393621850035
1430	634	0.4262852981122913
1431	714	0.28551737807430644
1432	952	0.0822270229551042
1433	552	0.8144398859719719
1434	691	0.5777083362818134
1435	832	0.9141352591443253
1436	918	0.7913620699194601
1437	668	0.6285656104835604
1438	686	0.26806868508582626
1439	871	0.19763924092883545
1440	907	0.9732661707254044
1441	985	0.3018510880411974
1442	519	0.9108637903498034
1443	35	0.20200937003040387
1444	346	0.7769959724378706
1445	520	0.26291908392576224
1446	401	0.9530897634323149
1447	649	0.4325126297319323
1448	337	0.542861386504337
1449	410	0.0005744849219765369
1450	929	0.5631395159495013
1451	666	0.38426458849192047
1452	34	0.2828230233310839
1453	608	0.48504357241583407
1454	128	0.37318298983045006
1455	760	0.0009981361765161179
1456	455	0.09285377069192746
1457	69	0.324376286303501
1458	429	0.6686667034456479
1459	543	0.5746546050591439
1460	837	0.8603078738225555
1461	295	0.5574238040441958
1462	757	0.6794098720058273
1463	222	0.8207629573301539
1464	448	0.6147668240932465
1465	643	0.5892349503169181
1466	831	0.40566052255118124
1467	578	0.604675206415077
1468	58	0.8706396860382003
1469	5	0.32276098980180534
1470	685	0.48312679940574554
1471	739	0.1598861956059937
1472	679	0.08780423783831914
1473	552	0.5547716252868782
1474	665	0.9420822413840962
1475	431	0.3893114844459431
1476	526	0.16154009840953132
1477	329	0.9341476366404393
1478	629	0.9085739647665652
1479	463	0.6105722071463443
1480	285	0.5126183148229446
1481	200	0.6755832591707773
1482	990	0.025852265899357296
1483	464	0.6004889303390911
1484	512	0.003067439897013524
1485	471	0.9257423176362913
1486	603	0.04300011267470294
1487	873	0.49214060440771457
1488	837	0.017020169851481026
1489	659	0.6863075335439874
1490	78	0.3424261274187702
1491	922	0.22582702550029277
1492	780	0.6991052229777625
1493	424	0.5914088526576092
1494	385	0.16093440073453968
1495	144	0.35572250511407355
1496	423	0.7519391469604275
1497	537	0.5281168066220062
1498	178	0.5494763808365188
1499	159	0.3527337994094657
1500	834	0.6471756208866034
1501	518	0.6940232682460639
1502	187	0.5929941616126968
1503	387	0.17117424507209889
1504	940	0.4079566222596397
1505	856	0.6002409579609933
1506	749	0.8179438727816793
1507	906	0.6809301009635913
1508	755	0.3763151421305817
1509	393	0.9361039487230666
1510	890	0.17352181429596514
1511	718	0.8514868735743752
1512	355	0.5640810591679423
1513	51	0.22221366522208574
1514	961	0.5099586039867908
1515	576	0.5074065604172185
1516	722	0.38892634350583966
1517	460	0.1310761499798645
1518	236	0.4273992841201437
1519	622	0.32538648642044465
1520	828	0.5831578637519731
1521	195	0.5615078645133593
1522	662	0.06606290559274353
1523	921	0.7855985323506142
1524	696	0.6341264159365306
1525	809	0.7170501265851742
1526	660	0.34882937435926153
1527	674	0.5509679074497822
1528	969	0.8613833223885339
1529	268	0.29007336040429654
1530	703	0.09874214997866781
1531	513	0.23107018299883308
1532	778	0.9758121799100965
1533	803	0.908597323263398
1534	988	0.6250161218433201
1535	800	0.3547268365644888
1536	964	0.08243047594907482
1537	643	0.5077036661154682
1538	926	0.15255442290862808
1539	69	0.6194988779108721
1540	315	0.5615169567114354
1541	712	0.5776471527012902
1542	835	0.4822227585366118
1543	698	0.5362158249379482
1544	228	0.5009292969282547
1545	301	0.26118067871069395
1546	504	0.7657037062879553
1547	414	0.3067572561039965
1548	762	0.7945532979684771
1549	208	0.018766018013581687
1550	547	0.32322864090112935
1551	186	0.3905298960694201
1552	163	0.5084043386164288
1553	272	0.8664476842703416
1554	794	0.5262564941088631
1555	429	0.9704731332706601
1556	546	0.25479722459523935
1557	796	0.6440084925768927
1558	505	0.22527127311812245
1559	85	0.3222149239409188
1560	607	0.14458625756103827
1561	896	0.477012214062967
1562	49	0.8759193571218338
1563	973	0.8044363885405115
1564	745	0.7005492624938956
1565	798	0.30842179193503094
1566	276	0.13235070073436583
1567	707	0.032356543611666844
1568	865	0.6801631335200508
1569	967	0.24808144580114677
1570	646	0.4733138665830121
1571	877	0.7600905283279236
1572	153	0.7059865486957512
1573	108	0.17426410360151823
1574	725	0.6833646175909353
1575	789	0.48620512484619893
1576	805	0.7289012005161728
1577	457	0.8005087004984079
1578	720	0.8925577781538794
1579	759	0.733985692895451
1580	910	0.5235218063572838
1581	843	0.3023137445224755
1582	550	0.024824086292440928
1583	750	0.4582979658589381
1584	219	0.9373307272241042
1585	630	0.47462594363735555
1586	428	0.7580726106443542
1587	46	0.02954962976891029
1588	176	0.30738276297702316
1589	570	0.791180646230445
1590	220	0.3374882699801153
1591	898	0.10470995949166284
1592	563	0.9552426526576836
1593	983	0.7453451228749765
1594	384	0.10110927174395057
1595	898	0.095047291691431
1596	618	0.47653564156364436
1597	26	0.8582876018853424
1598	991	0.10373006257240625
1599	478	0.4632870977954351
1600	13	0.5438246672395072
1601	24	0.038670643594133414
1602	366	0.8724784052805845
1603	939	0.5898750112478667
1604	444	0.7592540652966948
1605	596	0.4953216619573576
1606	232	0.699893239640301
1607	374	0.9958659188511035
1608	263	0.5731367288805372
1609	637	0.6718305978540097
1610	767	0.5784096221652711
1611	505	0.2164723720808006
1612	486	0.587990818117094
1613	819	0.6945326479401848
1614	976	0.4804321101895008
1615	507	0.4380164698481017
1616	38	0.07277483477533508
1617	434	0.8259078563752873
1618	990	0.42483425355526927
1619	212	0.02690432694400502
1620	803	0.7117364091188075
1621	774	0.11011054875039383
1622	699	0.5514066093061405
1623	676	0.32876225731877007
1624	803	0.8764742324824835
1625	638	0.4462521250172091
1626	806	0.5614812131602054
1627	120	0.48820248041245373
1628	673	0.5313172012935486
1629	601	0.7710782637902375
1630	706	0.6587115252411695
1631	143	0.8211336191590171
1632	256	0.581218618415913
1633	404	0.6808948608561316
1634	670	0.0633307623424122
1635	209	0.2476019747654632
1636	482	0.37476285558888156
1637	167	0.01046151687616581
1638	880	0.7457130547444989
1639	308	0.38755731600974996
1640	843	0.26636753904469135
1641	718	0.6990632128059989
1642	939	0.4041812939281202
1643	291	0.3890738431845363
1644	978	0.43367908698368773
1645	368	0.5873423797186135
1646	773	0.9473005288917516
1647	482	0.6358707788009873
1648	547	0.40494073793789365
1649	920	0.4750507380049733
1650	28	0.008033543249605257
1651	674	0.6044545885736837
1652	773	0.6394759489594001
1653	894	0.3509641866212697
1654	898	0.7148876374466628
1655	537	0.11794936899316122
1656	77	0.923290088433912
1657	38	0.2743579433691544
1658	649	0.7382243299234046
1659	116	0.9006900981346656
1660	2	0.7983056046512451
1661	922	0.8610519711288113
1662	808	0.9282766818885716
1663	403	0.18852439327268733
1664	571	0.840670209012555
1665	582	0.33283355036361395
1666	527	0.644467198837323
1667	140	0.5302425949224214
1668	343	0.8670070031221955
1669	492	0.6562336298723079
1670	101	0.34601009811200245
1671	758	0.0003757545842576482
1672	883	0.06066263665539107
1673	563	0.9898788327342446
1674	114	0.291595222254049
1675	710	0.2411763353415246
1676	614	0.8580171021287187
1677	282	0.6166715909158054
1678	459	0.3576825902991616
1679	311	0.030555432012892125
1680	322	0.406800636346218
1681	664	0.2675034698602702
1682	647	0.8100741921035698
1683	968	0.1448542218201877
1684	123	0.47484525224619933
1685	791	0.12421079758166764
1686	104	0.6338139370026822
1687	416	0.8534775253956279
1688	957	0.6225537651250533
1689	572	0.14888227185387082
1690	578	0.3907367568566261
1691	102	0.6365241083146423
1692	993	0.8781975499274169
1693	702	0.6191522511871653
1694	898	0.22766165449769937
1695	472	0.3057453630767665
1696	909	0.43783546518843675
1697	813	0.22996683646540428
1698	508	0.26611006527844405
1699	758	0.7777743257624085
1700	801	0.6814584331403372
1701	295	0.2178702491609099
1702	403	0.7850632532339259
1703	894	0.32852548286398187
1704	504	0.5434070914782112
1705	739	0.4466059460062862
1706	70	0.037411766537723046
1707	769	0.8969642663000699
1708	746	0.19830934317382343
1709	424	0.41486166029739135
1710	319	0.674432985839031
1711	712	0.3719689624617202
1712	207	0.8097616044923713
1713	252	0.01685813188807994
1714	650	0.9626081956253316
1715	495	0.116041863077743
1716	918	0.5699997596457546
1717	472	0.4997422324971319
1718	919	0.4176708930389884
1719	451	0.8159021333639939
1720	873	0.9706240623518679
1721	635	0.07768358371517026
1722	56	0.0960611764293603
1723	53	0.8982189335323885
1724	548	0.7037315641788844
1725	646	0.6861228351009917
1726	445	0.11186372004785217
1727	43	0.09464210460167066
1728	642	0.2529382882132264
1729	436	0.13308639893585006
1730	435	0.18254887643706863
1731	509	0.9216868967250937
1732	342	0.1643842160486092
1733	392	0.1007334548222123
1734	596	0.1401607709837418
1735	811	0.08684011186155671
1736	508	0.03332224208894008
1737	117	0.04205423880800574
1738	508	0.37779705078724657
1739	930	0.24938250340832901
1740	247	0.7688646393597691
1741	85	0.8423359277129826
1742	40	0.6295402233416859
1743	388	0.5480965601329598
1744	107	0.5106872077626542
1745	204	0.38504076349335914
1746	910	0.7257328154730326
1747	556	0.9410071986598325
1748	371	0.8599733920961354
1749	379	0.4897195148284923
1750	270	0.765183220174393
1751	364	0.7802121812533281
1752	255	0.5871503018212946
1753	583	0.6898059209830799
1754	468	0.47115564777432806
1755	615	0.07848960105402714
1756	408	0.9615157878171093
1757	456	0.039717490367816466
1758	743	0.3278755950740445
1759	635	0.7810737735345783
1760	372	0.6320048196726892
1761	580	0.43849247664991464
1762	466	0.7308471408431614
1763	774	0.13549628209749776
1764	93	0.13592697480960425
1765	773	0.5260424947431479
1766	634	0.3422526691400487
1767	730	0.8531561358062947
1768	29	0.5145421596311635
1769	159	0.9809907289024836
1770	653	0.23746331317412295
1771	158	0.47807610755061025
1772	492	0.8924433139058432
1773	751	0.7815382833509534
1774	77	0.5003912248491732
1775	111	0.6836505190582901
1776	295	0.4916126527689898
1777	881	0.04930114133292751
1778	122	0.9165425239855106
1779	462	0.8351478545863232
1780	477	0.3999019898372578
1781	6	0.2071457768089675
1782	247	0.144781480161841
1783	0	0.5479419677303067
1784	94	0.5685165560510197
1785	553	0.8721235607608288
1786	670	0.8472682294944873
1787	343	0.5034203764263407
1788	33	0.10220809223764016
1789	481	0.2876419151405891
1790	943	0.7438765658927943
1791	443	0.0736672604758889
1792	108	0.27062667682923736
1793	857	0.1477786496481136
1794	636	0.8442282837131078
1795	757	0.386762837905829
1796	487	0.6163679910701707
1797	306	0.003846816624897831
1798	295	0.6224705092580257
1799	936	0.4818716693297985
1800	286	0.04715180528458729
1801	84	0.9104496625812857
1802	412	0.9418082636199931
1803	869	0.1112079564482592
1804	539	0.8432228807933811
1805	409	0.7667951815465385
1806	688	0.13135745950061528
1807	118	0.747928663644112
1808	142	0.8456533649976622
1809	813	0.5079109339550817
1810	786	0.7710191042847998
1811	735	0.36385886496976394
1812	317	0.9637344366961642
1813	427	0.7260745127168
1814	65	0.1968326713346097
1815	433	0.7408456093171034
1816	580	0.3773212197473359
1817	232	0.4847438495187638
1818	180	0.16967276876949144
1819	736	0.5606719264889903
1820	604	0.34064592871496524
1821	706	0.4814470655427846
1822	737	0.36683364429094356
1823	714	0.7714702026769165
1824	64	0.6120103003289794
1825	374	0.4784581401235365
1826	798	0.7533852081327249
1827	670	0.5874287249992717
1828	797	0.36158096922360317
1829	241	0.8364807851327215
1830	866	0.056068779086591136
1831	317	0.23396729050199216
1832	632	0.21976171224019447
1833	636	0.7726431849315757
1834	244	0.8261843412679184
1835	450	0.023969053355000103
1836	394	0.4650110692837781
1837	727	0.36525094733062036
1838	393	0.9862791563613154
1839	585	0.9771311972443618
1840	211	0.40299438737523974
1841	93	0.028885709300725426
1842	741	0.72980254730789
1843	514	0.3014601283918137
1844	907	0.6735863890053274
1845	628	0.19623027755317624
1846	625	0.2113859051614061
1847	60	0.7207616435050143
1848	948	0.07559813598339438
1849	445	0.5388649034841728
1850	910	0.14609193430262146
1851	847	0.05770276023367582
1852	54	0.5126073669320059
1853	671	0.40516058458971993
1854	342	0.8542414086747018
1855	534	0.5608172118741046
1856	818	0.19212969112674227
1857	214	0.25280814293168974
1858	626	0.20399558186490074
1859	704	0.8969640140920155
1860	891	0.6724102547398956
1861	779	0.6250899999663221
1862	548	0.544478561891888
1863	449	0.9261341534035938
1864	29	0.2878113081824454
1865	108	0.7413352582022612
1866	274	0.6191484441237312
1867	860	0.6253655818150344
1868	996	0.274037400792116
1869	208	0.25795434495170655
1870	338	0.45282900592313846
1871	561	0.6158143807401459
1872	510	0.7712855210336198
1873	237	0.6522674814497234
1874	911	0.3192739197305773
1875	11	0.5816152193889736
1876	673	0.07537048051652684
1877	850	0.9398482978636855
1878	717	0.6585090319713113
1879	222	0.5014925257986436
1880	133	0.757958424650449
1881	265	0.25399761322517866
1882	659	0.9647447642765302
1883	779	0.828066320258369
1884	855	0.21498898058321936
1885	601	0.21266175859459324
1886	364	0.4052698641838266
1887	272	0.7643637823974821
1888	690	0.4257317951404723
1889	155	0.31668283854739954
1890	575	0.014451684543992371
1891	848	0.1277964528639497
1892	158	0.25479248176030467
1893	85	0.02457120917563904
1894	246	0.8807585250056434
1895	945	0.33767104522000047
1896	330	0.5090110233471046
1897	441	0.8074756494747352
1898	854	0.45645784133629264
1899	736	0.720701125825052
1900	245	0.6737590215260476
1901	233	0.41569997016933846
1902	405	0.9378625840118193
1903	53	0.7201011043961937
1904	887	0.91247281831852
1905	419	0.12686358137442244
1906	252	0.9499780680459293
1907	790	0.5065593812549487
1908	94	0.26449218812128583
1909	296	0.6992380469888502
1910	851	0.8894437189961906
1911	532	0.3250429029028499
1912	172	0.7888734482246904
1913	758	0.05909933772708764
1914	401	0.2268090634299459
1915	441	0.16128540250834833
1916	842	0.6751660408554503
1917	213	0.16571799766171125
1918	485	0.2945686384783214
1919	696	0.9239928733005376
1920	305	0.9592071994941512
1921	13	0.8042398247956777
1922	758	0.2683704580167231
1923	531	0.17027773009696967
1924	570	0.6604626458266574
1925	181	0.05439647388486335
1926	841	0.15929297246810825
1927	128	0.2368197268522808
1928	671	0.5833816966979526
1929	32	0.861001872759677
1930	813	0.6589861180280159
1931	900	0.6583064356620425
1932	848	0.2197668717915876
1933	443	0.9670942126302938
1934	944	0.17532395244564136
1935	206	0.10876579034671385
1936	3	0.21250798751744693
1937	731	0.508623021997666
1938	279	0.04162722044354139
1939	562	0.8991696964534689
1940	40	0.11256078918223877
1941	417	0.424716166476539
1942	90	0.587609614767589
1943	528	0.5569330617323004
1944	734	0.5675893508366531
1945	512	0.5665370769471139
1946	297	0.5277222600196261
1947	955	0.8064355519405104
1948	990	0.7075495993122025
1949	130	0.18182990729180615
1950	540	0.10360523785733489
1951	680	0.5306231260704813
1952	183	0.4599470089098119
1953	222	0.6959448732647031
1954	779	0.4645772133895836
1955	124	0.24120772239531174
1956	819	0.21027900941144428
1957	28	0.6022912359378015
1958	989	0.03607657217129767
1959	286	0.44120659916280014
1960	493	0.5484928483046486
1961	6	0.008934498390107959
1962	279	0.3558099910177358
1963	463	0.6045293262148664
1964	11	0.7824678295092379
1965	486	0.963980848339064
1966	828	0.5586074654465517
1967	541	0.7361931387116902
1968	570	0.5680406507004149
1969	534	0.2537291463384306
1970	398	0.13745837534718452
1971	690	0.5761363913272052
1972	270	0.23574446470786292
1973	150	0.3594821301866723
1974	455	0.23160086288617932
1975	481	0.8957878176526614
1976	834	0.867685869220555
1977	574	0.2631053338658631
1978	297	0.3395947092707686
1979	870	0.4131216173899017
1980	297	0.09458136374843107
1981	432	0.8247817869390411
1982	482	0.10878894725953647
1983	633	0.5779937248532545
1984	809	0.41729680057414575
1985	679	0.5586554253864988
1986	65	0.15617941287821657
1987	415	0.26483793088112184
1988	790	0.03629811063091215
1989	486	0.8995933738489226
1990	241	0.9482550620561552
1991	178	0.7737434585575687
1992	804	0.6631906223919782
1993	968	0.27124914109502074
1994	361	0.5564367933513678
1995	898	0.6477917729783271
1996	254	0.6963584370880217
1997	948	0.31245520013413164
1998	227	0.3520503927778983
1999	48	0.21066238563505635
